Sum: 8.100000
Difference: -3.300000
Product: 13.680000
Division: 0.421053